t,bbr,C_1111,C_1112,C_1122,C_1222,C_2222,C_1212,eps_1_xx,eps_1_xy,eps_1_yx,eps_1_yy,sig_1_xx,sig_1_xy,sig_1_yx,sig_1_yy,eps_2_xx,eps_2_xy,eps_2_yx,eps_2_yy,sig_2_xx,sig_2_xy,sig_2_yx,sig_2_yy,eps_3_xx,eps_3_xy,eps_3_yx,eps_3_yy,sig_3_xx,sig_3_xy,sig_3_yx,sig_3_yy
0,0.0,49739986794.16196,-44795702.1020082,10261813982.742638,46906135.98157974,49737839732.08755,19143135630.04501,9.999708002986013e-09,-1.950309865175273e-13,-1.0141522058290765e-13,2.380899188853496e-14,497.38882297161234,-0.4268081647402633,-0.4254290585667772,102.595828721005,3.391611617582775e-13,-3.84052687418127e-12,-1.7614930933248617e-13,9.999060231118892e-09,102.64593624989747,0.3809292141386445,0.3795644370526558,497.3318149436736,2.4584396675041206e-14,9.997202689042583e-09,1.0000224936455536e-08,-1.7574468200441898e-12,-0.8678277005814267,382.7979885638752,382.8286363625991,0.7776178836284171
1,0.0,49739986794.16196,-44795702.1020082,10261813982.742638,46906135.98157974,49737839732.08755,19143135630.04501,9.999708002986013e-09,-1.950309865175273e-13,-1.0141522058290765e-13,2.380899188853496e-14,497.38882297161234,-0.4268081647402633,-0.4254290585667772,102.595828721005,3.391611617582775e-13,-3.84052687418127e-12,-1.7614930933248617e-13,9.999060231118892e-09,102.64593624989747,0.3809292141386445,0.3795644370526558,497.3318149436736,2.4584396675041206e-14,9.997202689042583e-09,1.0000224936455536e-08,-1.7574468200441898e-12,-0.8678277005814267,382.7979885638752,382.8286363625991,0.7776178836284171
2,0.0,49739986794.16196,-44795702.1020082,10261813982.742638,46906135.98157974,49737839732.08755,19143135630.04501,9.999708002986013e-09,-1.950309865175273e-13,-1.0141522058290765e-13,2.380899188853496e-14,497.38882297161234,-0.4268081647402633,-0.4254290585667772,102.595828721005,3.391611617582775e-13,-3.84052687418127e-12,-1.7614930933248617e-13,9.999060231118892e-09,102.64593624989747,0.3809292141386445,0.3795644370526558,497.3318149436736,2.4584396675041206e-14,9.997202689042583e-09,1.0000224936455536e-08,-1.7574468200441898e-12,-0.8678277005814267,382.7979885638752,382.8286363625991,0.7776178836284171
3,0.0,49739986794.16196,-44795702.1020082,10261813982.742638,46906135.98157974,49737839732.08755,19143135630.04501,9.999708002986013e-09,-1.950309865175273e-13,-1.0141522058290765e-13,2.380899188853496e-14,497.38882297161234,-0.4268081647402633,-0.4254290585667772,102.595828721005,3.391611617582775e-13,-3.84052687418127e-12,-1.7614930933248617e-13,9.999060231118892e-09,102.64593624989747,0.3809292141386445,0.3795644370526558,497.3318149436736,2.4584396675041206e-14,9.997202689042583e-09,1.0000224936455536e-08,-1.7574468200441898e-12,-0.8678277005814267,382.7979885638752,382.8286363625991,0.7776178836284171
4,0.0005,49726410096.76688,-44767573.89719965,10262873053.80681,47051871.33557469,49737634468.67027,19142076774.30696,9.999839308741716e-09,-1.258701717068485e-13,-1.555118136937784e-13,-3.383686508803364e-14,497.2593606498105,-0.4255136744219829,-0.4241354468122215,102.60463158377618,3.168305748873249e-13,-3.98983037694114e-12,-2.0842194965785613e-13,9.998769543449366e-09,102.65268780843174,0.3767655071213643,0.3754010800253147,497.3147275812749,2.519164124147688e-14,9.99735514147459e-09,1.0000152280357624e-08,-1.4483720239027853e-12,-0.8688759913032781,382.7783348383813,382.8089780031621,0.7932837265734556
5,0.0056,49625771262.62849,-47683930.76428806,10267413675.394997,45656528.87640583,49734422677.55141,19136437581.216103,9.999555400441364e-09,-4.97744085514234e-13,4.8467311822949995e-14,1.406909770614174e-13,496.2385640605134,-0.4635067121894508,-0.4620916811214691,102.66541870047648,2.84769282050002e-13,-4.291165493817515e-12,-4.64929433485815e-13,9.998895713879597e-09,102.68818190010695,0.3388417881785246,0.3374663214091507,497.29066896273866,2.0332132083054654e-13,9.997896069407729e-09,1.0000283585985136e-08,-1.7737524929604236e-12,-0.9135839728634356,382.6784317481189,382.7090470893722,0.7645969502397627
6,0.0301,48739059952.05093,-8831579.26471028,10229491938.242792,61801984.24782039,49695275185.20292,19010906693.92935,9.999760946543056e-09,1.0389850177733285e-13,1.05570322206511e-13,3.1204266254868e-13,487.3774600860176,-0.0794815508240344,-0.0781316038477336,102.29489560590903,-1.4513987915305825e-13,-3.574264537322572e-12,1.011352884051349e-13,9.999576901756292e-09,102.29621096781462,0.5246554025585626,0.5233478308579478,496.9348112834187,5.509099732473139e-13,9.996295260369288e-09,9.999713496442321e-09,-1.7553682122765409e-12,-0.1626981646910845,380.1269249543212,380.157189176672,1.0718771135139142
7,0.0693,47301224139.24239,37808521.79397943,10147616778.433754,60094124.20365527,49629993910.00535,18792909595.42824,1.0000840866321785e-08,-9.711181553854953e-14,4.0976861732540964e-13,4.774627668522931e-13,473.0544358571861,0.350812029735826,0.3510404286838235,101.49028769510235,2.387919296545603e-13,-2.624955622623772e-12,7.61506076868255e-14,9.99939873125359e-09,101.49882163408144,0.5381968959723135,0.5367336232546788,496.2747933250984,-7.450813062622039e-14,9.997467621488202e-09,9.999967021237728e-09,-2.5037953387917597e-12,0.7101629679723681,375.795215195985,375.82448935546097,1.006374866512071
8,0.1256,45074853908.43098,69822792.00703593,9904547215.7429,79138199.18480031,49423259379.133896,18406646663.952103,1.0000105685589227e-08,-1.0325344391819481e-13,-5.540834356773118e-13,1.1162030044037785e-12,450.7469831131313,0.6344701411337057,0.6342639591502603,99.08505588230324,-6.365851357269954e-13,-1.6153626857567613e-12,2.2023468436094814e-13,1.000014177900136e-08,99.02720106875483,0.7193274825637359,0.7179696176788876,494.25069108359935,-2.350119686789492e-13,9.998679522556133e-09,9.999440626474813e-09,4.3980397727207226e-13,1.310003211842485,368.0838580202473,368.1125116012565,1.498273883414886
9,0.1709,43526977313.8288,21890417.750522777,9750707934.084328,88326038.20133708,49241412884.98561,18108940214.63707,1.0000053043829112e-08,-3.4337332097887934e-13,-5.232996782430125e-13,1.0585644489037038e-12,435.27863875473366,0.1992036597296491,0.1990203268756315,97.55016117161868,6.725644387216195e-13,2.0806424243729837e-13,-6.504615630456825e-13,1.0001116112100066e-08,97.55463608391776,0.8271987864766144,0.82633221978555,492.47959012151824,-1.1998108290922416e-14,9.998750757629168e-09,9.999669895690294e-09,2.127303903253578e-12,0.3986857384802469,362.1363958910881,362.1639042506053,1.7335610936020112
10,0.2213,41489693102.1443,13983015.631026376,9479238560.02776,101781545.18508036,48998330805.63253,17742645652.003944,9.99979714383439e-09,8.589106483392578e-13,-9.835624985347113e-14,5.971095164677016e-14,414.88818619792215,0.1438597524982396,0.1478632687734203,94.77883334277372,-3.4726773600168054e-14,5.442512837252016e-12,1.952940582771413e-13,1.0000590247329721e-08,94.81039673738584,1.0401907715240517,1.0402101910614665,490.01284997856857,7.01274478155877e-14,1.000356450789009e-08,9.999411873283214e-09,6.082867980856777e-13,0.2946215116416712,354.8954329490593,354.9171496581259,2.00218104102764
11,0.2676,39795105203.45893,-63648043.53055665,9227318239.758747,55982369.94430589,48724809079.36285,17393819710.759293,9.999787867717957e-09,1.1048353506054632e-12,-4.86232786691034e-13,2.60561661054242e-13,397.9439961946943,-0.5770118962858403,-0.5733507412921487,92.26452736786628,1.4884320164132077e-13,6.095739699507008e-12,-5.582563788260449e-14,1.0002379161744076e-08,92.31949601946194,0.6345229494782221,0.6345464771737109,487.3663713002812,-2.141141019393509e-13,1.0003038977699468e-08,9.999507693176584e-09,-1.0124353399859734e-12,-1.192380191879041,347.91016938759446,347.93180216432893,1.0639599793170242
12,0.3153,37973330321.97337,-143967855.6804636,8909524562.936941,-8200296.515212478,48272839763.72025,17003784112.641815,1.0000322851992789e-08,-8.653859436958946e-13,-7.719163279477147e-14,5.962487110495897e-13,379.74912111453,-1.3674359041169877,-1.363856619639913,89.11346923021519,4.0333743243033474e-13,2.1396338602627528e-12,2.925858357805182e-14,1.0000030796026349e-08,89.12246884822879,-0.0435001562075602,-0.043333775000113,482.73520940795805,2.594375045849193e-13,9.998762231786797e-09,9.999979052511288e-09,-1.3732979855836728e-12,-2.705799679628011,340.0433045155423,340.0654795514585,-0.1872313830612569
13,0.3816,34656892816.90216,-189490015.87036505,8233707382.41997,5206440.33527064,47684961605.34687,16387266479.29022,1.0000398581294832e-08,-2.588505093119488e-13,-7.438921439808403e-13,5.522346887020422e-13,346.5842524337664,-1.8049133249456768,-1.8013835602604646,82.3490911154334,1.896043828044231e-13,1.9318735217016996e-12,-7.858136305020354e-14,9.998635629847185e-09,82.34524031180865,0.0787871022126292,0.0788795677612723,476.789103788076,2.818424694684785e-13,9.997728962826e-09,1.000045011347951e-08,2.4852395221156733e-13,-3.5569239447874907,327.7055792311492,327.7257777019725,0.1164161788502745
14,0.4286,30870417065.02542,-24070719.804265305,7320553306.177099,108753387.00869772,46939106564.02492,15743971385.277687,9.999066486734884e-09,-9.52129940169385e-14,4.614687844945126e-13,5.46407839897055e-13,308.681015949257,-0.2079652243276264,-0.2046222618806063,73.210102475871,7.834882079100018e-13,1.1766246469702482e-12,5.630995229217339e-13,9.998740818154408e-09,73.23886220020063,1.044182689778447,1.0442715506642684,469.3360745321455,3.302416664920926e-12,9.998360223388646e-09,1.0004874801097704e-08,1.133733073567976e-12,-0.3583515009056126,314.9214178161031,314.93964575901833,2.10952891658054
15,0.4499,29466829729.520306,37687229.11883117,6994177301.878815,69972481.58779411,46567975340.515656,15463993880.653936,9.998920171051377e-09,-7.291719109329016e-14,7.36952418949209e-13,4.491584845627086e-13,294.6420657271981,0.3822678674140125,0.3857226078505511,69.93592434263765,7.812443883246489e-13,2.046263521507248e-12,1.1578999198599165e-12,9.999492088077772e-09,69.98636927992099,0.7017449206420642,0.7017622272533901,465.6592821831426,3.433344265836235e-12,9.997777800280565e-09,1.0004190154396242e-08,6.244779130670405e-13,0.8091988748655361,309.3018729255402,309.3192278173994,1.3736335899505134
16,0.5576,13277835366.432926,-335909724.5201502,2101104327.246388,-797679474.3328862,42115673262.40218,11927586174.957848,9.998870561915004e-09,-9.779968878157317e-13,7.757180326861565e-13,5.034837929640359e-13,132.76455306012875,-3.133619297030764,-3.132450999616525,21.030345340294275,7.443551983987214e-13,1.967703910580812e-12,8.763398378087475e-14,9.999446951270942e-09,21.025410609000726,-7.524517037879854,-7.526561688071589,421.1346449087008,1.1776422299414177e-12,9.998612721014751e-09,9.998971037833901e-09,-1.9436231502008241e-13,-6.339034240424617,238.5182167329272,238.5246377857287,-14.99638812017102
17,0.5767,5548907892.845964,-1009291687.4086832,250639794.1429938,-1734752153.636141,40261829700.06251,9477597159.892237,1.0000601925042984e-08,-1.0186819311518534e-12,1.0609448152761656e-12,4.315765336234045e-13,55.49203493947035,-9.517969450166222,-9.518879992474115,2.49869506290692,-4.1385212346717204e-13,2.3559446274941672e-12,3.0301021854825973e-13,1.0000146372815709e-08,2.499767558851176,-16.322337479186267,-16.325977296772198,402.6246934904945,2.94858763390533e-13,9.997902627157944e-09,9.998936758741848e-09,-2.409207942088187e-13,-19.020904968328715,189.5183786881426,189.5168262017164,-32.69178825505297
18,0.5787,4808731251.925612,-1519017824.5027013,215087910.79931343,-1783171718.8437407,40051501095.90175,8876518022.689558,1.0000327782587925e-08,-1.0898008829210589e-12,9.90400239831822e-13,2.0516619131882853e-13,48.08874672968605,-14.328992010279984,-14.330790189688251,2.1339560521545327,-8.88461976040864e-13,1.801960060142887e-12,-2.9949455494160537e-13,9.999226499239456e-09,2.1331322161184203,-16.798412625704216,-16.802133526830332,400.4840354281296,-3.3152779489176144e-14,9.997230764046476e-09,9.999120612541765e-09,2.3855195404537922e-14,-28.630426771425565,177.49739714217517,177.49378559687867,-33.5998561256642
19,0.5789,4739036115.446906,-1491579468.9532688,226985937.1251162,-1788269465.5309482,40049400636.919945,8865654437.62733,1.0000258623996313e-08,-1.1129310717361206e-12,1.0085145187799785e-12,1.9243284582084825e-13,47.3912747172546,-14.06994115722538,-14.071714654902465,2.2530535276058177,-7.607496097722377e-13,1.733646439145259e-12,-3.067926728547701e-13,9.999320655392603e-09,2.2568198236606327,-16.84673505903506,-16.850460985557223,400.4668104987416,9.999036406525737e-14,9.997149521705277e-09,9.999079483245398e-09,1.927872024682804e-14,-28.111234040860364,177.27921544404424,177.27558251452172,-33.69746726695104
20,0.5807,4489106605.292969,-1479701088.00792,184062727.9433738,-1711533506.376499,40009925293.73752,8608637168.696295,1.0000408150669716e-08,-1.157967703380123e-12,1.0984832389293552e-12,2.986800050544397e-13,44.892900081109865,-13.959408039019944,-13.96117703769826,1.839645985511144,-4.0867473560022303e-14,1.9942248457058016e-12,2.266494669391936e-13,9.999477454923313e-09,1.8418114117575937,-16.107944743782195,-16.111556668189632,400.07898787266674,-6.66586640528134e-15,9.997712353497682e-09,9.999000136098422e-09,-3.6323170905980964e-13,-27.89072998615108,172.14316409473955,172.13872367660497,-32.25804994569305
21,0.5853,2859824694.697869,-304204053.8838379,-272478865.139258,-1014864181.015326,39598383652.42316,7114027833.16735,1.0000652174611989e-08,-5.128471529696645e-13,4.62892308645554e-13,1.2079509026329265e-13,28.60021502524015,-2.869982865910546,-2.870155084279176,-2.729332689405342,-1.3053714026909656e-13,1.4662387535536092e-12,-1.1103896903345118e-12,9.999987045889564e-09,-2.7251090110372784,-9.561885574146284,-9.564555616781687,395.9829855938544,-2.346049447447158e-13,9.997003670610124e-09,9.999584168900684e-09,3.1875828551826773e-13,-5.737213435785834,142.26033051420418,142.2515822075103,-19.12829698349581
22,0.5858,2636601378.38076,-205067440.92088187,-340670071.0105696,-920350157.1259656,39527378903.81788,7001426492.008452,1.000058942316648e-08,-6.14830714793709e-13,5.443088461076905e-13,1.77517426690617e-13,26.36755658694628,-1.9348042496956304,-1.9348412453788728,-3.400106844917965,5.1399607197239815e-14,2.0928833601032585e-12,-3.262618798565639e-13,9.999092384506712e-09,-3.4107565219136644,-8.658940495649109,-8.661477491152748,395.237416321257,-3.2093324126489144e-14,9.9973032645786e-09,9.999838657869241e-09,5.019049540472421e-13,-3.866243602454419,140.01154252489027,140.0024607277268,-17.326521916885177
23,0.5909,1873258260.0061696,331959554.6184456,-563986355.8067104,-61732505.8003004,38850769320.0161,5877007440.450095,1.0000668552426894e-08,-1.802713818387283e-13,-2.3712163543976323e-15,2.0848122392519852e-14,18.733854464475808,3.125921987861586,3.126589913978901,-5.6455068315986745,-3.2280452988144173e-13,1.7151311429775317e-12,-3.713158928489617e-13,9.99947293275004e-09,-5.646761091171968,-0.5690966361886912,-0.5704159824123831,388.48720269406977,-5.204459257490455e-13,9.996355584605088e-09,1.0000662523526108e-08,3.007339965903056e-14,6.256299898313081,117.52869878579192,117.51628071414804,-1.1496310376324517
24,0.5914,1868044077.2558107,338912785.4978728,-566374058.0683823,-54896282.00329496,38847445564.40258,5862095086.947991,1.0000711395887842e-08,-1.33437214719932e-13,4.5165801983831094e-14,-1.3387954146153989e-14,18.681661865975304,3.192399443325594,3.193076631067429,-5.664889512709443,-2.9202730060528614e-14,2.7279357870332352e-12,-7.196559750297201e-13,9.998941003145793e-09,-5.663531239174893,-0.495372630111997,-0.4966848179326558,388.433323591024,-3.894093503537035e-13,9.996579407597184e-09,1.0000751496355017e-08,5.8048063131545006e-15,6.387977740134439,117.23235556332205,117.21989414498545,-1.0174006713919477
25,0.5914,1868044077.2558107,338912785.4978728,-566374058.0683823,-54896282.00329496,38847445564.40258,5862095086.947991,1.0000711395887842e-08,-1.33437214719932e-13,4.5165801983831094e-14,-1.3387954146153989e-14,18.681661865975304,3.192399443325594,3.193076631067429,-5.664889512709443,-2.9202730060528614e-14,2.7279357870332352e-12,-7.196559750297201e-13,9.998941003145793e-09,-5.663531239174893,-0.495372630111997,-0.4966848179326558,388.433323591024,-3.894093503537035e-13,9.996579407597184e-09,1.0000751496355017e-08,5.8048063131545006e-15,6.387977740134439,117.23235556332205,117.21989414498545,-1.0174006713919477
26,0.5914,1868044077.2558107,338912785.4978728,-566374058.0683823,-54896282.00329496,38847445564.40258,5862095086.947991,1.0000711395887842e-08,-1.33437214719932e-13,4.5165801983831094e-14,-1.3387954146153989e-14,18.681661865975304,3.192399443325594,3.193076631067429,-5.664889512709443,-2.9202730060528614e-14,2.7279357870332352e-12,-7.196559750297201e-13,9.998941003145793e-09,-5.663531239174893,-0.495372630111997,-0.4966848179326558,388.433323591024,-3.894093503537035e-13,9.996579407597184e-09,1.0000751496355017e-08,5.8048063131545006e-15,6.387977740134439,117.23235556332205,117.21989414498545,-1.0174006713919477
27,0.5914,1868044077.2558107,338912785.4978728,-566374058.0683823,-54896282.00329496,38847445564.40258,5862095086.947991,1.0000711395887842e-08,-1.33437214719932e-13,4.5165801983831094e-14,-1.3387954146153989e-14,18.681661865975304,3.192399443325594,3.193076631067429,-5.664889512709443,-2.9202730060528614e-14,2.7279357870332352e-12,-7.196559750297201e-13,9.998941003145793e-09,-5.663531239174893,-0.495372630111997,-0.4966848179326558,388.433323591024,-3.894093503537035e-13,9.996579407597184e-09,1.0000751496355017e-08,5.8048063131545006e-15,6.387977740134439,117.23235556332205,117.21989414498545,-1.0174006713919477
28,0.5922,1855702802.4526856,338184631.53940165,-563376692.1241968,-51321809.82032739,38842652913.08884,5859653226.17887,1.00005750740479e-08,-2.2212293465430426e-13,-4.758492033831497e-15,2.228723954904741e-14,18.558032100424874,3.1830795238425047,3.1837532686469205,-5.6450786329899225,-2.233722663995097e-13,2.1582242565442185e-12,-6.313245942629096e-13,9.999607816004945e-09,-5.63093524010822,-0.4597694478633972,-0.4610786223108628,388.4112480749072,-5.941112354007796e-13,9.996476713864861e-09,1.000050805985191e-08,7.151820030801835e-13,6.3741936700825645,117.18148641364532,117.1690147112338,-0.9529504944075692
29,0.5929,1846027739.33536,352750792.9320658,-564942069.5985495,-48133906.17592948,38836852598.51419,5839400190.184389,1.0000642628591246e-08,-2.495720986101432e-13,8.224155720575641e-15,-2.470554854433201e-14,18.46136697876817,3.320154296029818,3.3208473245394976,-5.660489118904765,-1.2251024751314532e-13,2.0568282284667014e-12,-7.107762998978539e-13,9.999450454999673e-09,-5.642964242075375,-0.4306238230290755,-0.4319278896814565,388.3471670267767,-4.999914435135109e-13,9.996509405652672e-09,1.0000462796591002e-08,6.619770526173316e-13,6.650291163191618,116.77644631599344,116.76391794495616,-0.896116761989411
30,0.5931,1843481812.9992929,351695856.383679,-572629923.6782615,-47669727.82890179,38795411221.25289,5838147973.185277,1.0000631419273965e-08,-2.355726908719695e-13,-5.113104079615142e-17,-1.060459068112839e-14,18.43582722268965,3.311023875525497,3.311712601628913,-5.72880676455403,2.8395324376444563e-14,2.6810214315979906e-12,-8.166629796962164e-13,9.999979377164634e-09,-5.722650515945276,-0.4338672769320378,-0.4351768947427121,387.9532629217837,-4.18554809603302e-13,9.996709590562041e-09,1.0000595563823936e-08,1.174315757363473e-12,6.6304244487826045,116.75333274317998,116.74080044047945,-0.8637798504775746
31,0.5956,988830306.6827765,351210147.81142515,-600594476.4911289,121296417.40824383,38621248589.571526,5594621916.463149,1.0000594580420361e-08,-2.566383061433681e-13,-5.0172906684968735e-14,-2.1504956831511147e-14,9.888671923724525,3.306436812771613,3.3070029791889684,-6.008784870383809,6.388960111123929e-14,2.750922689388559e-12,-9.650812624154804e-13,9.999997992716152e-09,-6.000660163438687,1.157337508800902,1.1562706438125778,386.2125621870503,-5.462384372512823e-13,9.996574009456276e-09,1.0000494526798808e-08,1.2554124987397605e-12,6.620126788937241,111.8828168577129,111.86946789213322,2.3224223847732928
32,0.5961,916168728.5998664,249847941.84244,-523018961.354285,469424862.16884905,38356695167.03939,5184375065.275005,1.0000457208187972e-08,-4.312636478476085e-13,-1.1284695987029017e-13,-1.110526212741714e-13,9.161606792232195,2.350356144101593,2.350777892808448,-5.2284050939037305,2.0360575383879573e-13,2.1902573921839358e-12,-1.629105901600452e-13,9.999525069752529e-09,-5.225093390972504,4.435372172964723,4.434799481001739,383.5486029436527,-1.6706687400169562e-12,9.994916086951844e-09,1.00006407192412e-08,-4.322771562023449e-13,4.697971836499354,103.67252720794106,103.65794883905544,8.875344672739452
33,0.5963,915416307.8797553,248244073.2248216,-523100263.1105519,467426644.2527834,38353609831.21373,5179485276.967366,1.0000426183216842e-08,-4.831309278786767e-13,-1.238635934612579e-13,-1.79567199393308e-13,9.154129396538272,2.3315549917204725,2.331973707830384,-5.236197809110213,3.870898567212497e-14,2.136172337673891e-12,-8.856184599419338e-13,9.999160280245152e-09,-5.225174641828523,4.414257212441752,4.41367942166816,383.5037131362193,-1.7297850513817836e-12,9.994926779457612e-09,1.0000205136795183e-08,-6.211216090942233e-13,4.670780466131821,103.57219883127952,103.5576035536633,8.822665304043086
34,0.5966,868023560.1330197,223469894.8618681,-537666549.7941878,442685975.7585989,38342236902.34792,5129457392.768265,1.0000371087640328e-08,-4.712212281201092e-13,-1.385749894054956e-13,-2.039828341025199e-13,8.680187302021647,2.097763795043745,2.0981376972622883,-5.383546897987414,1.897215264640193e-14,2.1878520192039844e-12,-8.348074986439477e-13,9.99913064402414e-09,-5.369832983243979,4.185077816798664,4.1844619669697165,383.3888398482855,-1.715971705515774e-12,9.994866769441652e-09,1.0000258636907558e-08,-7.348016125880343e-13,4.204160401872203,102.57195886132854,102.55720270797777,8.353018301568358
35,0.5971,857604529.269828,232493895.8170876,-536977332.8371027,442675468.4209434,38342073953.45639,5122269517.076449,1.0000366191052954e-08,-4.972337867879296e-13,-1.2917177607740538e-13,-1.7552738545070067e-13,8.575958084921536,2.1828598782840074,2.1832447707673013,-5.376493524398752,3.705885661295738e-14,2.275718041069697e-12,-8.823998899856137e-13,9.999155714980462e-09,-5.362369194840515,4.184385981684788,4.183770391239003,383.3882372913281,-1.7458521481920525e-12,9.995083860751524e-09,1.0000270435287148e-08,-5.404730410751233e-13,4.374023915895931,102.42942652628484,102.4146511361732,8.356268252499744
36,0.5973,848755165.603771,217472212.47787893,-531722786.9340954,452066337.25682086,38336205987.55449,5099322372.264048,1.0000581602983133e-08,-2.878576601243596e-13,-2.4104569063672533e-13,-1.1258180240102577e-13,8.487598691641928,2.046333540670709,2.046697825278858,-5.312314939648555,4.3029637990562267e-13,2.2360499296465618e-12,-6.014708506727859e-13,9.999897176797497e-09,-5.30642303675987,4.273046959301731,4.272442556897568,383.3582276264633,-1.0647482268307517e-12,9.995815402450597e-09,1.0000134321086232e-08,1.1712173657842914e-13,4.093201399750388,101.9738061317658,101.95896101784292,8.545296012968002
37,0.5973,848755165.603771,217472212.47787893,-531722786.9340954,452066337.25682086,38336205987.55449,5099322372.264048,1.0000581602983133e-08,-2.878576601243596e-13,-2.4104569063672533e-13,-1.1258180240102577e-13,8.487598691641928,2.046333540670709,2.046697825278858,-5.312314939648555,4.3029637990562267e-13,2.2360499296465618e-12,-6.014708506727859e-13,9.999897176797497e-09,-5.30642303675987,4.273046959301731,4.272442556897568,383.3582276264633,-1.0647482268307517e-12,9.995815402450597e-09,1.0000134321086232e-08,1.1712173657842914e-13,4.093201399750388,101.9738061317658,101.95896101784292,8.545296012968002
38,0.5973,848755165.603771,217472212.47787893,-531722786.9340954,452066337.25682086,38336205987.55449,5099322372.264048,1.0000581602983133e-08,-2.878576601243596e-13,-2.4104569063672533e-13,-1.1258180240102577e-13,8.487598691641928,2.046333540670709,2.046697825278858,-5.312314939648555,4.3029637990562267e-13,2.2360499296465618e-12,-6.014708506727859e-13,9.999897176797497e-09,-5.30642303675987,4.273046959301731,4.272442556897568,383.3582276264633,-1.0647482268307517e-12,9.995815402450597e-09,1.0000134321086232e-08,1.1712173657842914e-13,4.093201399750388,101.9738061317658,101.95896101784292,8.545296012968002
39,0.5976,848157779.9092449,217258983.5393709,-531133165.7116681,452210199.3890868,38337381493.993225,5099436731.739408,1.0000535595413769e-08,-2.286245356682248e-13,-2.501588568992307e-13,-1.076412965967941e-13,8.481548813801185,2.0434862629991226,2.043849751330807,-5.309635991360186,5.118963516291541e-13,2.538607880803842e-12,-3.931354453555649e-13,9.999387562829192e-09,-5.293963886950122,4.292044356193759,4.291442863401767,383.3502451545858,-1.034051200579734e-12,9.99563617330554e-09,1.0000352184642551e-08,-3.4750487286138574e-13,4.090271768897585,101.97651808731074,101.96167268248276,8.534981411736759
40,0.5976,848157779.9092449,217258983.5393709,-531133165.7116681,452210199.3890868,38337381493.993225,5099436731.739408,1.0000535595413769e-08,-2.286245356682248e-13,-2.501588568992307e-13,-1.076412965967941e-13,8.481548813801185,2.0434862629991226,2.043849751330807,-5.309635991360186,5.118963516291541e-13,2.538607880803842e-12,-3.931354453555649e-13,9.999387562829192e-09,-5.293963886950122,4.292044356193759,4.291442863401767,383.3502451545858,-1.034051200579734e-12,9.99563617330554e-09,1.0000352184642551e-08,-3.4750487286138574e-13,4.090271768897585,101.97651808731074,101.96167268248276,8.534981411736759
41,0.5976,848157779.9092449,217258983.5393709,-531133165.7116681,452210199.3890868,38337381493.993225,5099436731.739408,1.0000535595413769e-08,-2.286245356682248e-13,-2.501588568992307e-13,-1.076412965967941e-13,8.481548813801185,2.0434862629991226,2.043849751330807,-5.309635991360186,5.118963516291541e-13,2.538607880803842e-12,-3.931354453555649e-13,9.999387562829192e-09,-5.293963886950122,4.292044356193759,4.291442863401767,383.3502451545858,-1.034051200579734e-12,9.99563617330554e-09,1.0000352184642551e-08,-3.4750487286138574e-13,4.090271768897585,101.97651808731074,101.96167268248276,8.534981411736759
42,0.598,846790528.4752643,214764514.93003443,-530582629.7546643,449907362.1454668,38335152982.36231,5093538459.254162,1.0000484817590136e-08,-1.9125644815851699e-13,-2.751118653109005e-13,-5.922364300574902e-14,8.468031301050907,2.019532377817121,2.019891851560429,-5.307595381331878,7.559330057770906e-14,2.09136642276827e-12,-2.3455303860064643e-13,9.999850952366969e-09,-5.301898764076997,4.255707821808581,4.255103275619734,383.3458457995475,-1.2094027328227462e-12,9.995327628254115e-09,1.0000371541067737e-08,-3.963072975393561e-15,4.041561432462245,101.85698853905788,101.8421270547803,8.504511868776666
43,0.598,846790528.4752643,214764514.93003443,-530582629.7546643,449907362.1454668,38335152982.36231,5093538459.254162,1.0000484817590136e-08,-1.9125644815851699e-13,-2.751118653109005e-13,-5.922364300574902e-14,8.468031301050907,2.019532377817121,2.019891851560429,-5.307595381331878,7.559330057770906e-14,2.09136642276827e-12,-2.3455303860064643e-13,9.999850952366969e-09,-5.301898764076997,4.255707821808581,4.255103275619734,383.3458457995475,-1.2094027328227462e-12,9.995327628254115e-09,1.0000371541067737e-08,-3.963072975393561e-15,4.041561432462245,101.85698853905788,101.8421270547803,8.504511868776666
44,0.598,846790528.4752643,214764514.93003443,-530582629.7546643,449907362.1454668,38335152982.36231,5093538459.254162,1.0000484817590136e-08,-1.9125644815851699e-13,-2.751118653109005e-13,-5.922364300574902e-14,8.468031301050907,2.019532377817121,2.019891851560429,-5.307595381331878,7.559330057770906e-14,2.09136642276827e-12,-2.3455303860064643e-13,9.999850952366969e-09,-5.301898764076997,4.255707821808581,4.255103275619734,383.3458457995475,-1.2094027328227462e-12,9.995327628254115e-09,1.0000371541067737e-08,-3.963072975393561e-15,4.041561432462245,101.85698853905788,101.8421270547803,8.504511868776666
45,0.5985,840593590.8287517,233599881.1686993,-525787334.18699145,434411983.9883739,38331461197.81982,5042302229.806113,1.0000458258238438e-08,-2.101689334723353e-13,-2.8893474367786133e-13,-7.404710979768511e-14,8.406020774749354,2.1979815420788777,2.198367445556842,-5.258118518854803,1.1012405769775924e-13,1.9342798398177423e-12,-2.3347006971429192e-14,1.0000126813361942e-08,-5.254206054797996,4.104458642606312,4.103833162213828,383.31954738186806,-1.102325853436973e-12,9.995296363928974e-09,1.0000563259631144e-08,8.733566253071908e-14,4.39703642890493,100.83334846262106,100.81833722929184,8.219746248821693
46,0.5985,840593590.8287517,233599881.1686993,-525787334.18699145,434411983.9883739,38331461197.81982,5042302229.806113,1.0000458258238438e-08,-2.101689334723353e-13,-2.8893474367786133e-13,-7.404710979768511e-14,8.406020774749354,2.1979815420788777,2.198367445556842,-5.258118518854803,1.1012405769775924e-13,1.9342798398177423e-12,-2.3347006971429192e-14,1.0000126813361942e-08,-5.254206054797996,4.104458642606312,4.103833162213828,383.31954738186806,-1.102325853436973e-12,9.995296363928974e-09,1.0000563259631144e-08,8.733566253071908e-14,4.39703642890493,100.83334846262106,100.81833722929184,8.219746248821693
47,0.5993,779896285.5952183,210083723.7796804,-497637353.0609467,447736839.18449694,38315587907.52141,5027850907.856068,1.0000527197640889e-08,-1.4189813574519433e-13,-2.058203874281429e-13,-1.0690969450020781e-13,7.799297706636127,1.9744675150225584,1.9748187905693244,-4.985037673985119,-4.424908254591818e-13,2.545829780957375e-12,-3.096423335683997e-13,9.998798580219007e-09,-4.985140793158402,4.242649984323712,4.242041719851138,383.1096873135214,-1.5027879159241349e-12,9.995587274545062e-09,1.0000410438721992e-08,-5.04163224128537e-13,3.9510564986405856,100.54530136770246,100.53024385873395,8.457521643355348
48,0.5995,779778697.5953467,210090129.96908745,-497869782.5031638,447746295.39782685,38316283503.679,5027889605.649021,1.0000578170315175e-08,-1.7196734117860497e-13,-2.4364638950813544e-13,-8.409039662140241e-14,7.798103822016912,1.974749867495979,1.97510129918453,-4.98504670267204,-3.173196944575197e-13,2.528099795890005e-12,-3.1044140498406e-13,9.998816178562534e-09,-4.984998033129684,4.243193692775488,4.242585462158797,383.1172907730349,-1.478709517590953e-12,9.995714041910625e-09,1.0000342155699909e-08,-5.389863818518465e-13,3.951307328449124,100.5463479468611,100.53129024683776,8.456594050503538
49,0.6,730652542.7225906,207907075.60108644,-508185273.461056,457355480.35718817,38307032538.379074,5014739455.715968,1.00005097807356e-08,-1.909680438329783e-13,-2.5913332183501975e-13,-1.860809557027095e-13,7.306406728014911,1.9556177437096047,1.955957984384704,-5.071530554388457,5.433286756515393e-13,2.924583918846415e-12,-5.969793793589887e-13,9.999224887535852e-09,-5.071934990035865,4.322968888180384,4.322371741915735,383.0405102786908,-1.1017783767917365e-12,9.995784869895996e-09,1.000005836859177e-08,-5.08545022606886e-13,3.91317096718688,100.28241227699388,100.26731423143964,8.651258770550985
50,0.6,730652542.7225906,207907075.60108644,-508185273.461056,457355480.35718817,38307032538.379074,5014739455.715968,1.00005097807356e-08,-1.909680438329783e-13,-2.5913332183501975e-13,-1.860809557027095e-13,7.306406728014911,1.9556177437096047,1.955957984384704,-5.071530554388457,5.433286756515393e-13,2.924583918846415e-12,-5.969793793589887e-13,9.999224887535852e-09,-5.071934990035865,4.322968888180384,4.322371741915735,383.0405102786908,-1.1017783767917365e-12,9.995784869895996e-09,1.000005836859177e-08,-5.08545022606886e-13,3.91317096718688,100.28241227699388,100.26731423143964,8.651258770550985
51,0.6017,693056929.0672756,279563264.7838054,-485575472.15928847,-73757682.49620493,37843539178.33049,3982886385.2888746,1.0000460927558544e-08,-1.366496793801244e-13,-2.682021393926541e-13,-8.828964614668132e-14,6.93030860322139,2.6281660398021653,2.62860299470428,-4.855431756900357,4.0562466013943323e-13,2.4768509516532336e-12,-8.410280428606123e-13,9.999221886095776e-09,-4.84069376287873,-0.673228852377599,-0.6745693823009214,378.40603148784976,-1.457224161442993e-12,9.995331289062984e-09,1.0000019792373158e-08,-6.157272996256448e-13,5.266289361895991,79.64808416412572,79.62989943115046,-1.3859121970896324
52,0.6115,692831104.0269537,278024191.337535,-486277278.8665571,-56775557.37748133,37335727767.41868,3974200231.25497,1.0000522346323844e-08,-1.0661448668316965e-13,-3.112414282455836e-13,-1.3148334827992472e-13,6.92823579575948,2.61735874209932,2.617788520786901,-4.860707823187878,1.245541101587599e-13,2.476150880665185e-12,-7.628380595089987e-13,9.999174610452797e-09,-4.8601837835893775,-0.5286583798654267,-0.5309549604985236,373.32655370036326,-1.4380749707984185e-12,9.995419403049976e-09,9.999771170473517e-09,-5.08577092936992e-13,5.233777680149496,79.47384536512656,79.45553863384937,-1.047853096803859
53,0.6585,523350425.112528,448029998.33512646,-444106824.0942266,-249894276.6480186,35100313652.28732,3545245169.47444,1.0000446650918906e-08,-1.6503845954197796e-13,-1.597023365111158e-13,-1.1156439216853217e-13,5.233090547523456,4.222237219057469,4.223100266817827,-4.443181172149785,-3.9265807031582873e-13,9.25440045123405e-13,4.70590527611498e-13,9.997331906839252e-09,-4.4504550816057735,-2.3924174754566625,-2.375380269591357,350.90903073397226,-1.9463140604428858e-12,9.99850739631542e-09,9.999989830564582e-09,2.094044710978387e-12,8.435580662272022,70.90705339949885,70.89117314353291,-4.6434283271091
54,0.7192,522469567.7951033,443618565.0897334,-456083187.0448268,-259427729.457694,32042840902.50005,3517395320.8882985,1.0000473258863733e-08,-1.6898116352026096e-13,-1.2503077580906116e-13,-1.4727524411843117e-13,5.224047232750826,4.180989644148296,4.181991218970636,-4.553845652645816,4.934848187204206e-13,6.546771247609865e-13,-4.944808244937974e-13,9.999516949276984e-09,-4.5524713293057575,-2.4548945140869094,-2.427392345463182,320.41345665619025,-1.604623738549112e-12,9.999096725152844e-09,1.0000164071354393e-08,-1.876806138172521e-12,8.354535775131625,70.35260244741926,70.33768588785128,-4.90694652793516
55,0.7738,521061881.1567525,436819020.7701057,-499846796.97793686,-166430750.51061064,23780131097.87776,3461287647.815957,1.0000426600477489e-08,-1.6446003881212308e-13,-1.738838162584976e-13,-2.2659131391994162e-13,5.209780196707173,4.115635054857183,4.116715367172096,-4.994162422586472,5.964034494963028e-13,2.0338774168302533e-13,-2.872638237851923e-13,1.0000357868215076e-08,-4.989401260290104,-1.5960404654660398,-1.55653457346291,237.8101611322933,-1.8538193174058134e-12,9.999202985285929e-09,1.0000205197441004e-08,-1.4384836208777105e-12,8.226074914234955,69.23105400436596,69.2161025253944,-3.142207774524983
56,0.8093,519269976.776902,426907022.054904,-530865376.6142079,-109314500.92074312,17524739835.68907,3366944792.9052434,1.000056274470136e-08,-1.6445858485224974e-13,-1.9753377964413442e-14,-1.4044454738646374e-13,5.191671332810556,4.021222491160114,4.022153688440126,-5.302745655964796,1.0465815304255025e-12,-1.839112979046293e-13,9.986962605360844e-13,9.999213543333257e-09,-5.296871471017221,-1.0364715164752016,-1.003505663574908,175.2339181590176,-1.903798649299444e-12,9.998639513174788e-09,1.0000461570637378e-08,-2.2157093441492684e-12,8.04003840980829,67.34434721354847,67.32707473617226,-2.0795288937040515
57,0.8308,47105854.97614711,-135689463.42650896,-50384062.55634676,651049835.6716759,13539080080.98487,2399130465.360365,1.0000693330455838e-08,1.3158019439405496e-13,1.938904671111036e-14,-3.4689396801107235e-14,0.4710356103788567,-1.2793100667127728,-1.2794467131195506,-0.4800363881101531,3.6846929539004e-12,2.4440299481409697e-12,-1.2093363074431417e-12,9.999732233140775e-09,-0.4782285458294151,6.142467187690948,6.160215531274187,135.38651990537903,-9.48423688303166e-13,1.0000271380193311e-08,1.0000199230088737e-08,-1.0702168826743645e-12,-2.558761849212474,47.99684763363768,47.97210563545344,12.26617276086108
58,0.8448,47010545.95422921,-134928261.92640662,-52669058.2048955,627422711.5003921,12186047066.493608,2359984649.520937,1.0000422294215173e-08,4.054728327752983e-16,1.0542756722118044e-13,2.3183910848353754e-14,0.4701983162846799,-1.2730846220049947,-1.2732058022882011,-0.5140199446504614,2.1717649349248442e-12,-5.881587542335428e-13,7.421770448328958e-14,1.0000595780413261e-08,-0.5136575425911393,5.910112984007866,5.923978046275064,121.8670347133514,-1.4504556318375058e-12,9.999839888306611e-09,1.0000462461919206e-08,-1.1738158226421614e-12,-2.5475910467524647,47.21291899971067,47.18725935736729,11.821262137709162
59,0.8629,46826654.801048025,-132952844.94747262,-55708459.024223685,702513523.3881735,10287525108.38638,2243852242.481399,1.0000595835957184e-08,1.854950125372943e-13,3.773480037860743e-15,-3.968494412836496e-14,0.468528312401117,-1.2554683669420488,-1.2555560137453092,-0.5604420970441613,-3.367993957817228e-13,-3.47320898129832e-12,-6.528433994918491e-13,9.998871311222058e-09,-0.5581203896189771,6.595821318407391,6.609522229654185,102.86270721631873,-1.7121610594751328e-12,9.999358750245608e-09,1.0001085706801582e-08,-1.4110578754551269e-12,-2.513148998693184,44.88854802294927,44.86202335383268,13.238512234977764
60,0.8737,46777142.03163817,-132227938.14045356,-59077922.5313195,757342589.9219245,9725139068.597588,2226471433.2094088,1.0000653878033536e-08,2.1328205164180443e-13,7.96187425863019e-14,8.491080212147092e-15,0.4678121968839997,-1.2467251664693983,-1.2468038922525295,-0.5817282140645216,2.0080173468451257e-12,-3.273511026248096e-12,-2.3489910932108294e-13,1.0001530994289896e-08,-0.5810505991831447,7.13142729924327,7.1458839529648674,97.2656586050986,-1.0186139973650234e-12,9.999197321970806e-09,1.0001165352890571e-08,-8.674386902275233e-13,-2.494954403420804,44.54113944096857,44.51425498581426,14.26360793542296
61,0.881,46714484.20403244,-130906492.39893097,-60775456.158062965,741855543.327434,9174214069.43808,2061193187.515504,1.0000493667453013e-08,1.3376401111594533e-13,7.382830034864507e-15,1.7889893856768914e-14,0.4671954607749258,-1.2342036751248031,-1.2342576840027637,-0.5988007313827516,2.0955223709723745e-12,5.091171303815919e-13,6.560285369023325e-13,1.000125817570256e-08,-0.5983826978448825,6.995314219669026,7.008817222488245,91.75326599811356,-1.2400289977782922e-12,9.999849347754202e-09,1.0001083895726193e-08,-5.951150232253442e-13,-2.47075608229084,41.24046309305912,41.21270638084735,13.985746485928736
62,0.8999,46702329.74156276,-130177656.06294344,-63666903.57382943,820391573.7347152,8107996283.832908,2027017157.022726,1.0000697788264244e-08,9.554501014425893e-14,8.319571211349988e-14,-2.013040698416156e-14,0.4668903364045255,-1.225663805150486,-1.225649854912887,-0.6234753563931278,3.4443850714157174e-12,1.3554818156034646e-13,-5.059803401974067e-13,1.0001526907282083e-08,-0.6223310053194486,7.734746447481354,7.729511107587255,81.09198793543491,-4.0130902921897254e-13,9.999700997321645e-09,1.0000881292625928e-08,-4.608183057658384e-13,-2.45281286093738,40.553878624651446,40.52855128788064,15.47126565212454
63,0.9053,15021164.97232315,-6569220.8682122,-3575716.42025258,477961722.5090149,7861540615.524188,1417742089.1500804,1.0000592731454212e-08,1.286779888426944e-13,-2.2952436283377213e-13,-5.3178753601321725e-14,0.1502171658461181,-0.0622166634526066,-0.0622167080919745,-0.0233779885126451,3.3601010591356428e-12,2.160205616695056e-13,2.443198184161762e-13,9.999515996163773e-09,-0.0220392635131892,4.510821179256081,4.505384228916624,78.61103410541905,-7.186009810219309e-13,9.9999273483249e-09,1.00010304254519e-08,-1.2589441399912124e-12,-0.1226097559693555,28.369126917699283,28.343688539066296,9.008716548234872
64,0.9442,15019718.654722488,-6005185.54781306,-1594405.0709416363,-24915416.509902805,3897619304.822457,1289449709.24517,1.000054338973686e-08,1.4189764402285364e-13,-2.52857986725183e-13,-4.570344655057262e-14,0.1502013573723155,-0.0563225128132617,-0.0563103070690456,-0.0063461151222296,4.956566301828678e-12,3.8444068331202694e-13,5.805339759621832e-13,9.999577242434782e-09,-0.0062224208168763,-0.2136930151605964,-0.2274278581289569,38.97456868379463,1.4961705999447484e-13,1.000007649343598e-08,1.000094832916809e-08,-1.0460340246166372e-12,-0.1133992821330656,25.805671970962845,25.774914033856284,-0.4849613747805129
65,0.9513,15019835.015322208,-5893624.721004126,-900850.1002152011,-66872769.2050131,3395192614.086197,1263374779.2641027,1.0000627083494478e-08,1.332879375183857e-13,-2.23516037683877e-13,-5.262822381089213e-14,0.1502062454146373,-0.0558770805587872,-0.0558515428649343,-0.0053196503886146,2.2807934017880013e-12,1.0519016360765742e-12,8.33055988633724e-13,9.999470177137357e-09,-0.0049505683638996,-0.6137175287754625,-0.6433812757098628,33.95021604810325,5.5217405475872185e-14,9.999807679296971e-09,1.0000690266880026e-08,-1.4039323229300534e-12,-0.1109898834497046,25.286562748978834,25.249450156177645,-1.2631939746839012
66,0.9657,-1.2181138649696366,-285.54497303094854,-261779.5624718803,1487395.8821622892,1959796256.348049,596364.553062474,1.0000608611014908e-08,1.1914778892726608e-13,-8.916193045160974e-14,-2.0300052431767942e-14,1.4615864002011955e-10,-3.91887647486704e-07,1.1751542236964196e-11,4.5745097506073294e-05,2.694973277979779e-12,1.1703567602083557e-12,8.614698950537049e-13,9.999321388728292e-09,1.1138720339145642e-09,0.0301014905116366,7.956461278717115e-10,19.596631359050303,4.857459949863996e-14,1.0000216309571672e-08,1.000123183327561e-08,-9.765974600028405e-13,6.093966978268238e-12,0.0238622041880525,-2.97730296030368e-10,0.0290079501749098
67,0.9657,-1.2181138649696366,-285.54497303094854,-261779.5624718803,1487395.8821622892,1959796256.348049,596364.553062474,1.0000608611014908e-08,1.1914778892726608e-13,-8.916193045160974e-14,-2.0300052431767942e-14,1.4615864002011955e-10,-3.91887647486704e-07,1.1751542236964196e-11,4.5745097506073294e-05,2.694973277979779e-12,1.1703567602083557e-12,8.614698950537049e-13,9.999321388728292e-09,1.1138720339145642e-09,0.0301014905116366,7.956461278717115e-10,19.596631359050303,4.857459949863996e-14,1.0000216309571672e-08,1.000123183327561e-08,-9.765974600028405e-13,6.093966978268238e-12,0.0238622041880525,-2.97730296030368e-10,0.0290079501749098
68,0.9767,2.563495376868555,-172.04631868912963,-168924.98707681015,1198067.4580258182,1533952420.0363438,504111.0131263989,1.0000609948691169e-08,1.214368788383093e-13,-7.741577753488053e-14,-3.3734822641610174e-14,1.6754508434428424e-10,-4.940087926993734e-07,-1.500760940892938e-11,-0.0001198842288272,2.124514842626638e-12,-7.224146435905593e-13,8.697194914500958e-13,9.999448651270668e-09,7.021939667551398e-10,0.0237246676908673,2.627744062791297e-11,15.338677628835637,-8.199889069356228e-14,9.999721255814405e-09,1.0001288669011294e-08,-7.148008933373509e-13,1.4335017512388382e-10,0.0201657849401794,-1.0800594731611276e-10,0.0221357552856811
69,0.9819,6.044953104839419,-210.63616803477976,-111467.8998384033,1455473.8156072248,876388661.9476545,500594.0356017386,1.0000590860638051e-08,1.2820621450648894e-13,-2.9353239779583465e-14,8.076419038285873e-16,1.6269692370911198e-10,-2.947286164255511e-07,4.51982036653847e-12,-0.0002695603112543,2.2365549042351112e-12,-2.7078504462052325e-13,1.0655922696552949e-12,9.999406044585188e-09,3.6997505305540545e-11,0.0297834387368893,-4.2448318279046254e-10,8.763364802522037,-1.3330782264924584e-13,9.999819905147073e-09,1.0001240276619618e-08,-8.808590757859289e-13,-1.7918097481642608e-10,0.0200269390232979,-9.379149068484448e-11,0.0266218749927667
70,0.9821,9.79739723995959,-245.93325875483103,-124179.01114669666,1543850.1049723043,875832840.331323,500591.3490708872,1.0000572490516244e-08,1.3349481946099864e-13,-9.494943593096644e-14,-1.7694356348149463e-14,1.4655837363443134e-10,-4.657909708338445e-07,3.673894351494755e-11,-0.0004139418996918,2.363369081939156e-12,-2.771985226911802e-13,8.644827903536344e-13,9.999381637484091e-09,8.193729152225701e-10,0.0297797438862975,7.096075631779153e-10,8.75778581915201,-1.259181986413157e-13,9.999801642222096e-09,1.0001203205781665e-08,-6.872795053439539e-13,1.8954457864006188e-10,0.0200263649796094,1.5685812885802028e-10,0.0290322319382967
71,0.9851,9.775400111023275,-183.32021508376107,-105847.28602334994,1235261.7251297743,754548219.4216717,500083.79788030736,1.000059404169436e-08,1.1361693155589037e-13,-4.021129022486827e-14,6.5284604776319905e-15,6.016639078731117e-11,-6.380925247436127e-07,3.0224133762946776e-11,-0.0004393566501358,2.223566689093018e-12,-2.371510011402293e-13,5.521196868244617e-13,9.999054135014972e-09,1.2748455746761342e-09,0.0252777245871227,5.904260649931746e-10,7.544767394966652,-1.1172738970367453e-13,9.999824503685421e-09,1.0001181967179432e-08,-8.765706136131244e-13,1.1082120305942889e-11,0.0200050645688467,8.059424209220909e-11,0.022416071238946
72,0.9851,9.775400111023275,-183.32021508376107,-105847.28602334994,1235261.7251297743,754548219.4216717,500083.79788030736,1.000059404169436e-08,1.1361693155589037e-13,-4.021129022486827e-14,6.5284604776319905e-15,6.016639078731117e-11,-6.380925247436127e-07,3.0224133762946776e-11,-0.0004393566501358,2.223566689093018e-12,-2.371510011402293e-13,5.521196868244617e-13,9.999054135014972e-09,1.2748455746761342e-09,0.0252777245871227,5.904260649931746e-10,7.544767394966652,-1.1172738970367453e-13,9.999824503685421e-09,1.0001181967179432e-08,-8.765706136131244e-13,1.1082120305942889e-11,0.0200050645688467,8.059424209220909e-11,0.022416071238946
73,0.9858,2.104381742981984,-242.1691740238718,-112945.77049018224,1241381.819683089,750543521.7334468,500039.2557705969,1.0000660530846173e-08,1.11897899106505e-13,-7.993854425005591e-14,8.083839959659411e-15,1.082223951477536e-10,-2.481106729434598e-07,-4.028807426349568e-12,-7.184233665071786e-05,2.914050276833539e-12,8.27989962379401e-14,7.57520738597532e-13,9.99959839612684e-09,6.516460047787413e-10,0.0251961417156416,1.460929156527123e-10,7.505132951206538,7.631955735694404e-14,9.999856923002094e-09,1.0001131597162584e-08,-6.865058280969363e-13,-4.5027047348025806e-11,0.0200044772592037,-4.744698240949071e-11,0.0228278576013899
74,0.9882,-0.2448703219502569,-223.72893389361465,-67449.74966570472,1317174.1147167978,538477743.1457726,500045.75208121375,1.0000570205519285e-08,1.331533691911711e-13,-1.631925467490134e-13,-2.8987558711360908e-15,1.3734105951220906e-10,-3.325346450317096e-07,-7.2739477229584225e-12,1.0237216432749447e-05,2.5245580897923416e-12,-1.6231895526759658e-14,3.9799801597948323e-13,9.998736668653633e-09,8.772617415555384e-10,0.0252261842705749,6.62597173753498e-11,5.38409591225285,-8.511378431330059e-14,9.999971791522353e-09,1.0001053946178976e-08,-9.942607725686998e-13,1.5760422887885258e-10,0.0200038004918025,1.465064952492162e-10,0.0247415271297622
75,0.9882,-0.2448703219502569,-223.72893389361465,-67449.74966570472,1317174.1147167978,538477743.1457726,500045.75208121375,1.0000570205519285e-08,1.331533691911711e-13,-1.631925467490134e-13,-2.8987558711360908e-15,1.3734105951220906e-10,-3.325346450317096e-07,-7.2739477229584225e-12,1.0237216432749447e-05,2.5245580897923416e-12,-1.6231895526759658e-14,3.9799801597948323e-13,9.998736668653633e-09,8.772617415555384e-10,0.0252261842705749,6.62597173753498e-11,5.38409591225285,-8.511378431330059e-14,9.999971791522353e-09,1.0001053946178976e-08,-9.942607725686998e-13,1.5760422887885258e-10,0.0200038004918025,1.465064952492162e-10,0.0247415271297622
76,0.989,-2.2433221789227464,-249.0651678406101,-58037.85633152687,1450049.9023384645,495346589.2436916,497017.53522182174,1.0000556172617827e-08,1.191363150470387e-13,-1.4689678948482432e-13,1.5824511042294993e-14,1.0968973042930701e-10,-2.180393804877457e-07,4.317575983593553e-12,8.930768473161225e-05,2.523907316682447e-12,5.790434538259565e-14,9.891857356622706e-13,9.998575711564817e-09,7.90222232701957e-10,0.0272615209444108,2.6164051575235247e-10,4.952759164191516,-4.565346282619181e-14,9.999866646040434e-09,1.0001218221638092e-08,-9.048508946457e-13,1.0796006149259124e-10,0.0198846740739321,2.121170642961896e-10,0.0276380708023909
77,0.989,-2.2433221789227464,-249.0651678406101,-58037.85633152687,1450049.9023384645,495346589.2436916,497017.53522182174,1.0000556172617827e-08,1.191363150470387e-13,-1.4689678948482432e-13,1.5824511042294993e-14,1.0968973042930701e-10,-2.180393804877457e-07,4.317575983593553e-12,8.930768473161225e-05,2.523907316682447e-12,5.790434538259565e-14,9.891857356622706e-13,9.998575711564817e-09,7.90222232701957e-10,0.0272615209444108,2.6164051575235247e-10,4.952759164191516,-4.565346282619181e-14,9.999866646040434e-09,1.0001218221638092e-08,-9.048508946457e-13,1.0796006149259124e-10,0.0198846740739321,2.121170642961896e-10,0.0276380708023909
78,0.989,-2.2433221789227464,-249.0651678406101,-58037.85633152687,1450049.9023384645,495346589.2436916,497017.53522182174,1.0000556172617827e-08,1.191363150470387e-13,-1.4689678948482432e-13,1.5824511042294993e-14,1.0968973042930701e-10,-2.180393804877457e-07,4.317575983593553e-12,8.930768473161225e-05,2.523907316682447e-12,5.790434538259565e-14,9.891857356622706e-13,9.998575711564817e-09,7.90222232701957e-10,0.0272615209444108,2.6164051575235247e-10,4.952759164191516,-4.565346282619181e-14,9.999866646040434e-09,1.0001218221638092e-08,-9.048508946457e-13,1.0796006149259124e-10,0.0198846740739321,2.121170642961896e-10,0.0276380708023909
79,0.989,-2.2433221789227464,-249.0651678406101,-58037.85633152687,1450049.9023384645,495346589.2436916,497017.53522182174,1.0000556172617827e-08,1.191363150470387e-13,-1.4689678948482432e-13,1.5824511042294993e-14,1.0968973042930701e-10,-2.180393804877457e-07,4.317575983593553e-12,8.930768473161225e-05,2.523907316682447e-12,5.790434538259565e-14,9.891857356622706e-13,9.998575711564817e-09,7.90222232701957e-10,0.0272615209444108,2.6164051575235247e-10,4.952759164191516,-4.565346282619181e-14,9.999866646040434e-09,1.0001218221638092e-08,-9.048508946457e-13,1.0796006149259124e-10,0.0198846740739321,2.121170642961896e-10,0.0276380708023909
80,0.9922,2.045054489808337,-180.826797967408,-40264.82813835979,1117071.4498997703,308668125.3222691,495503.97013924015,1.0000650289672915e-08,1.0100800423537053e-13,-9.419119700758133e-14,-7.84302570691729e-15,1.1950477327160634e-10,-3.179314416256872e-07,-1.674115304536514e-11,-8.741178804104456e-05,2.3258153417211083e-12,-5.802990364685754e-14,1.1815468625191869e-12,9.99915786550288e-09,3.061878599937737e-10,0.0210379751616236,3.0175799141400145e-10,3.086420699382511,1.8686582709925256e-14,9.999770251210298e-09,1.0001274834653108e-08,-5.938363657201016e-13,1.7119957385532915e-10,0.0198235820034149,1.7035697482000218e-11,0.0212481233547233
81,0.9922,2.045054489808337,-180.826797967408,-40264.82813835979,1117071.4498997703,308668125.3222691,495503.97013924015,1.0000650289672915e-08,1.0100800423537053e-13,-9.419119700758133e-14,-7.84302570691729e-15,1.1950477327160634e-10,-3.179314416256872e-07,-1.674115304536514e-11,-8.741178804104456e-05,2.3258153417211083e-12,-5.802990364685754e-14,1.1815468625191869e-12,9.99915786550288e-09,3.061878599937737e-10,0.0210379751616236,3.0175799141400145e-10,3.086420699382511,1.8686582709925256e-14,9.999770251210298e-09,1.0001274834653108e-08,-5.938363657201016e-13,1.7119957385532915e-10,0.0198235820034149,1.7035697482000218e-11,0.0212481233547233
82,0.9922,2.045054489808337,-180.826797967408,-40264.82813835979,1117071.4498997703,308668125.3222691,495503.97013924015,1.0000650289672915e-08,1.0100800423537053e-13,-9.419119700758133e-14,-7.84302570691729e-15,1.1950477327160634e-10,-3.179314416256872e-07,-1.674115304536514e-11,-8.741178804104456e-05,2.3258153417211083e-12,-5.802990364685754e-14,1.1815468625191869e-12,9.99915786550288e-09,3.061878599937737e-10,0.0210379751616236,3.0175799141400145e-10,3.086420699382511,1.8686582709925256e-14,9.999770251210298e-09,1.0001274834653108e-08,-5.938363657201016e-13,1.7119957385532915e-10,0.0198235820034149,1.7035697482000218e-11,0.0212481233547233
83,0.9927,-4.558298045319354,-204.41335563293293,-30205.43931819703,1133653.2792231406,304007839.6828914,495358.5730551992,1.000065466548288e-08,1.2707946823028134e-13,-1.1038321140933291e-13,-3.042729076907314e-14,1.1628255089269184e-10,-1.341643720399118e-07,-8.497157317613441e-12,0.0001777051796957,2.571555001106924e-12,1.2229922633674005e-13,1.2401927156228556e-12,9.998850813156592e-09,3.2344587385703216e-10,0.0210344142725383,7.319319054131754e-10,3.039728413974016,1.0961936749486833e-13,9.99990031650683e-09,1.0001276880475906e-08,-6.047085898312757e-13,1.6812552727179294e-10,0.0198184731220119,1.6925389350105496e-10,0.0217519604859357
84,0.9927,-4.558298045319354,-204.41335563293293,-30205.43931819703,1133653.2792231406,304007839.6828914,495358.5730551992,1.000065466548288e-08,1.2707946823028134e-13,-1.1038321140933291e-13,-3.042729076907314e-14,1.1628255089269184e-10,-1.341643720399118e-07,-8.497157317613441e-12,0.0001777051796957,2.571555001106924e-12,1.2229922633674005e-13,1.2401927156228556e-12,9.998850813156592e-09,3.2344587385703216e-10,0.0210344142725383,7.319319054131754e-10,3.039728413974016,1.0961936749486833e-13,9.99990031650683e-09,1.0001276880475906e-08,-6.047085898312757e-13,1.6812552727179294e-10,0.0198184731220119,1.6925389350105496e-10,0.0217519604859357
85,0.9946,-0.6253692040621694,-103.09158721628869,-15745.077348207496,878348.1369245246,192418145.08626765,493824.2018282583,1.0000678067546781e-08,1.1689871448670537e-13,-8.674334445611211e-14,-2.1226962399410143e-14,1.475817971854304e-10,4.3477337388762174e-08,-4.183450451502297e-11,3.517197128036113e-05,1.820004853290085e-12,1.85766147101991e-13,1.337979268826718e-12,9.999028690841067e-09,1.6133073891140363e-11,0.0163577644065611,-4.1048542879160385e-10,1.923994007566068,-1.26083677315306e-13,9.999965545607608e-09,1.0001206718024147e-08,-6.804603221314957e-13,9.111211422800559e-11,0.0197566876068782,-9.489500570722763e-11,0.016809318354319
86,0.9968,-1.379400987128646,-98.2750575368191,-18267.65160787669,599983.7484621584,168568320.95306957,487704.2026878176,1.0000711656802708e-08,1.0281278925166989e-13,-1.5015534877244032e-13,-7.088515015086124e-16,1.3266721377520018e-10,2.956007859110623e-07,-1.2884864205643336e-11,5.57430359881614e-05,2.498117166153744e-12,-4.7562559498313e-14,1.1608966073939158e-12,9.998838768216302e-09,2.1004326794694136e-10,0.0111310356391312,-2.378093522483443e-10,1.6854870375092246,5.357874192176458e-14,9.99988967759506e-09,1.0001150875091198e-08,-7.770582419343743e-13,2.4351350657839763e-10,0.0195104633355683,-6.012127139908034e-11,0.0114966142556503
87,0.9971,-1.1261513565367516,-70.6987974937764,-14924.156612042569,597792.2212297545,168489785.25208288,487749.5546108263,1.0000700751374205e-08,1.3597744270750416e-13,-1.885288219360236e-13,-3.263667562606546e-16,1.46358497001182e-10,5.724942943086568e-07,-2.0633427750021707e-11,5.4459087178382326e-05,2.095285268779124e-12,2.1736691811619297e-13,7.47467486663727e-13,9.999030335382052e-09,3.4904617331042603e-10,0.0111369301880171,-1.3247536506031604e-10,1.6847340832652673,-1.1219985611743105e-13,1.0000094651515544e-08,1.0001154338017353e-08,-7.120380791134947e-13,2.1714871807848816e-10,0.0195123025145626,3.4266734991543814e-11,0.0114194761821906
88,0.9973,-0.8226653074579995,-94.90069981188248,-18073.757373191685,601569.0676600791,168501659.17931816,487703.992910386,1.000070794949985e-08,1.2545618942083437e-13,-1.6174139486441776e-13,2.2163384376560402e-14,2.413353137461511e-10,-4.53397054289924e-09,-6.132509660490143e-12,3.590091503719777e-05,2.3586096711642577e-12,-1.5446239218725357e-13,1.0831287621803609e-12,9.998900640016816e-09,1.3304321296898068e-10,0.0111357487433361,-3.144221602049783e-10,1.6848308973314672,-3.892617060265443e-14,9.999842941068061e-09,1.0001153534703697e-08,-8.190387571988807e-13,1.6565779809168846e-11,0.0195102019275327,1.1122220525629078e-10,0.0115235176236
89,0.9995,0.8815607502837454,7.273949670516923,-11079.194825681432,-37838.479003873006,76037988.57090484,447569.6097571784,1.0000619850983366e-08,1.2998895216149474e-13,-1.332159548647078e-13,2.998906230168196e-15,1.3809552518101583e-10,1.0349250054345455e-09,-2.8359034829406957e-11,-3.5444940756354106e-05,2.4480530872805488e-12,-1.6088230161287136e-13,7.554417973548567e-13,9.998917810819686e-09,1.2437166840435527e-09,-0.0008810402122081,6.511717500715509e-10,0.7602976274245697,-6.193587919751843e-14,9.99975369859679e-09,1.0001138627325534e-08,-6.318210318819992e-13,1.2408003753996648e-10,0.01790354694038,1.0827414952089255e-10,-0.0006076299658482
90,0.9998,0.2869907461276733,11.031307433980697,-10386.867887693435,-37954.148329322255,74654235.6979029,447606.00619201735,1.0000514990223821e-08,1.4260681841324501e-13,-7.488513868300635e-14,2.2336170838734494e-15,1.0348482075680434e-10,1.218895871182809e-07,-3.3954162214621776e-11,-1.046558863443902e-05,2.6425132219629297e-12,4.292152619256312e-13,1.17412029066895e-12,9.998904719738545e-09,1.5320313652205434e-10,-0.0009283168712225,-8.470017757568442e-10,0.7464606322034547,-1.1709216416694134e-13,1.000006194541852e-08,1.0001316271700624e-08,-8.126282852725645e-13,2.2496418410499776e-10,0.0179053856855099,2.514142387004113e-10,-0.0005502027322861
91,0.9998,0.2869907461276733,11.031307433980697,-10386.867887693435,-37954.148329322255,74654235.6979029,447606.00619201735,1.0000514990223821e-08,1.4260681841324501e-13,-7.488513868300635e-14,2.2336170838734494e-15,1.0348482075680434e-10,1.218895871182809e-07,-3.3954162214621776e-11,-1.046558863443902e-05,2.6425132219629297e-12,4.292152619256312e-13,1.17412029066895e-12,9.998904719738545e-09,1.5320313652205434e-10,-0.0009283168712225,-8.470017757568442e-10,0.7464606322034547,-1.1709216416694134e-13,1.000006194541852e-08,1.0001316271700624e-08,-8.126282852725645e-13,2.2496418410499776e-10,0.0179053856855099,2.514142387004113e-10,-0.0005502027322861
92,0.9998,0.2869907461276733,11.031307433980697,-10386.867887693435,-37954.148329322255,74654235.6979029,447606.00619201735,1.0000514990223821e-08,1.4260681841324501e-13,-7.488513868300635e-14,2.2336170838734494e-15,1.0348482075680434e-10,1.218895871182809e-07,-3.3954162214621776e-11,-1.046558863443902e-05,2.6425132219629297e-12,4.292152619256312e-13,1.17412029066895e-12,9.998904719738545e-09,1.5320313652205434e-10,-0.0009283168712225,-8.470017757568442e-10,0.7464606322034547,-1.1709216416694134e-13,1.000006194541852e-08,1.0001316271700624e-08,-8.126282852725645e-13,2.2496418410499776e-10,0.0179053856855099,2.514142387004113e-10,-0.0005502027322861
93,0.9998,0.2869907461276733,11.031307433980697,-10386.867887693435,-37954.148329322255,74654235.6979029,447606.00619201735,1.0000514990223821e-08,1.4260681841324501e-13,-7.488513868300635e-14,2.2336170838734494e-15,1.0348482075680434e-10,1.218895871182809e-07,-3.3954162214621776e-11,-1.046558863443902e-05,2.6425132219629297e-12,4.292152619256312e-13,1.17412029066895e-12,9.998904719738545e-09,1.5320313652205434e-10,-0.0009283168712225,-8.470017757568442e-10,0.7464606322034547,-1.1709216416694134e-13,1.000006194541852e-08,1.0001316271700624e-08,-8.126282852725645e-13,2.2496418410499776e-10,0.0179053856855099,2.514142387004113e-10,-0.0005502027322861
94,0.9998,0.2869907461276733,11.031307433980697,-10386.867887693435,-37954.148329322255,74654235.6979029,447606.00619201735,1.0000514990223821e-08,1.4260681841324501e-13,-7.488513868300635e-14,2.2336170838734494e-15,1.0348482075680434e-10,1.218895871182809e-07,-3.3954162214621776e-11,-1.046558863443902e-05,2.6425132219629297e-12,4.292152619256312e-13,1.17412029066895e-12,9.998904719738545e-09,1.5320313652205434e-10,-0.0009283168712225,-8.470017757568442e-10,0.7464606322034547,-1.1709216416694134e-13,1.000006194541852e-08,1.0001316271700624e-08,-8.126282852725645e-13,2.2496418410499776e-10,0.0179053856855099,2.514142387004113e-10,-0.0005502027322861
95,0.9998,0.2869907461276733,11.031307433980697,-10386.867887693435,-37954.148329322255,74654235.6979029,447606.00619201735,1.0000514990223821e-08,1.4260681841324501e-13,-7.488513868300635e-14,2.2336170838734494e-15,1.0348482075680434e-10,1.218895871182809e-07,-3.3954162214621776e-11,-1.046558863443902e-05,2.6425132219629297e-12,4.292152619256312e-13,1.17412029066895e-12,9.998904719738545e-09,1.5320313652205434e-10,-0.0009283168712225,-8.470017757568442e-10,0.7464606322034547,-1.1709216416694134e-13,1.000006194541852e-08,1.0001316271700624e-08,-8.126282852725645e-13,2.2496418410499776e-10,0.0179053856855099,2.514142387004113e-10,-0.0005502027322861
96,1.0,0.3024751456907869,-1.185577543774034,-10368.943885136883,-33719.000302610315,72073869.96442293,446856.19872853474,1.0000531223884578e-08,1.1062926788625029e-13,-8.127120439660844e-14,-2.9113438724220464e-14,1.1881227628480862e-10,-2.9948350087833364e-07,-4.1968660169173176e-11,-1.0643637993203663e-05,2.729787022481095e-12,8.743999803255816e-14,1.0473774784903991e-12,9.999157881442233e-09,4.294839352029512e-10,-0.0008197213475222,-3.9459454303102684e-10,0.7206780436658162,2.4487334807651063e-14,9.999866853550865e-09,1.0001163959514129e-08,-8.473370895155399e-13,2.045521053742738e-10,0.0178751114961478,6.241708053718176e-10,-0.0005036995746472
97,1.0,0.3024751456907869,-1.185577543774034,-10368.943885136883,-33719.000302610315,72073869.96442293,446856.19872853474,1.0000531223884578e-08,1.1062926788625029e-13,-8.127120439660844e-14,-2.9113438724220464e-14,1.1881227628480862e-10,-2.9948350087833364e-07,-4.1968660169173176e-11,-1.0643637993203663e-05,2.729787022481095e-12,8.743999803255816e-14,1.0473774784903991e-12,9.999157881442233e-09,4.294839352029512e-10,-0.0008197213475222,-3.9459454303102684e-10,0.7206780436658162,2.4487334807651063e-14,9.999866853550865e-09,1.0001163959514129e-08,-8.473370895155399e-13,2.045521053742738e-10,0.0178751114961478,6.241708053718176e-10,-0.0005036995746472
98,1.0,0.3024751456907869,-1.185577543774034,-10368.943885136883,-33719.000302610315,72073869.96442293,446856.19872853474,1.0000531223884578e-08,1.1062926788625029e-13,-8.127120439660844e-14,-2.9113438724220464e-14,1.1881227628480862e-10,-2.9948350087833364e-07,-4.1968660169173176e-11,-1.0643637993203663e-05,2.729787022481095e-12,8.743999803255816e-14,1.0473774784903991e-12,9.999157881442233e-09,4.294839352029512e-10,-0.0008197213475222,-3.9459454303102684e-10,0.7206780436658162,2.4487334807651063e-14,9.999866853550865e-09,1.0001163959514129e-08,-8.473370895155399e-13,2.045521053742738e-10,0.0178751114961478,6.241708053718176e-10,-0.0005036995746472
99,1.0,0.3024751456907869,-1.185577543774034,-10368.943885136883,-33719.000302610315,72073869.96442293,446856.19872853474,1.0000531223884578e-08,1.1062926788625029e-13,-8.127120439660844e-14,-2.9113438724220464e-14,1.1881227628480862e-10,-2.9948350087833364e-07,-4.1968660169173176e-11,-1.0643637993203663e-05,2.729787022481095e-12,8.743999803255816e-14,1.0473774784903991e-12,9.999157881442233e-09,4.294839352029512e-10,-0.0008197213475222,-3.9459454303102684e-10,0.7206780436658162,2.4487334807651063e-14,9.999866853550865e-09,1.0001163959514129e-08,-8.473370895155399e-13,2.045521053742738e-10,0.0178751114961478,6.241708053718176e-10,-0.0005036995746472
100,1.0,0.3024751456907869,-1.185577543774034,-10368.943885136883,-33719.000302610315,72073869.96442293,446856.19872853474,1.0000531223884578e-08,1.1062926788625029e-13,-8.127120439660844e-14,-2.9113438724220464e-14,1.1881227628480862e-10,-2.9948350087833364e-07,-4.1968660169173176e-11,-1.0643637993203663e-05,2.729787022481095e-12,8.743999803255816e-14,1.0473774784903991e-12,9.999157881442233e-09,4.294839352029512e-10,-0.0008197213475222,-3.9459454303102684e-10,0.7206780436658162,2.4487334807651063e-14,9.999866853550865e-09,1.0001163959514129e-08,-8.473370895155399e-13,2.045521053742738e-10,0.0178751114961478,6.241708053718176e-10,-0.0005036995746472
